{
 "cells": [
  {
   "cell_type": "markdown",
   "id": "5479f1ca",
   "metadata": {},
   "source": [
    "## Антонов Матвей БПМ201"
   ]
  },
  {
   "cell_type": "markdown",
   "id": "c359e0c6",
   "metadata": {},
   "source": [
    "#### Лабораторная работа 5"
   ]
  },
  {
   "cell_type": "markdown",
   "id": "c17b4595",
   "metadata": {},
   "source": [
    "#### Вариант 2 (5.1.2, 5.2, 5.7.1)"
   ]
  },
  {
   "cell_type": "code",
   "execution_count": 1,
   "id": "828f4bd3",
   "metadata": {},
   "outputs": [],
   "source": [
    "import matplotlib.pyplot as plt\n",
    "import numpy as np"
   ]
  },
  {
   "cell_type": "markdown",
   "id": "7b82b77e",
   "metadata": {},
   "source": [
    "\n"
   ]
  },
  {
   "cell_type": "markdown",
   "id": "354fb896",
   "metadata": {},
   "source": [
    "Дана система уравнений $Ax=b$. Найти решение системы с помощью метода Гаусса. Выполнить 10 итераций по методу Зейделя. Принимая решение, полученное с помощью метода Гаусса за точное, найти величину абсолютной погрешности итерационного решения.\n",
    "\n",
    "ПОРЯДОК РЕШЕНИЯ ЗАДАЧИ:\n",
    "1. Задать матрицу системы A и вектор правой части b. Используя встроенную функцию lsolve пакета MATHCAD (или другие встроенные функции в wolfram mathematica или в python), найти решение системы $Ax=b$ с помощью метода Гаусса.\n",
    "2. Преобразовать систему $Ax=b$ к виду $x=Bx+c$, удобному для итераций. Проверить выполнение достаточного\n",
    "условия сходимости итерационных методов $||B||_{\\inf}<1$.\n",
    "3. Написать программу, решающую систему линейных уравнений с помощью метода Зейделя, выполнить 10 итераций по методу Зейделя; взять любое начальное приближение. Предварительно проверить условие сходимости для метода Зейделя. Принимая решение, полученное в п. 1 за точное, найти величину абсолютной\n",
    "погрешности итерационного решения (использовать норму $|| \\times ||_{\\inf}$).\n",
    "4. Взять другое начальное приближение. Объяснить полученные результаты."
   ]
  },
  {
   "cell_type": "code",
   "execution_count": 2,
   "id": "9d8585e7",
   "metadata": {},
   "outputs": [],
   "source": [
    "A = np.array([[29.7, 2., 0., 19.8, 2.],\n",
    "              [9.9, -21., 0., -9.9, 1.],\n",
    "              [-9.9, 11., 29., 6.6, 1.],\n",
    "              [9.9, 7.5, 2., -19.8, 0.],\n",
    "              [-49.5, -1., 23., 9.9, 84.],\n",
    "             ])\n",
    "b = np.array([26.2, -41.1, 97.4, 99.8, 27.1])"
   ]
  },
  {
   "cell_type": "markdown",
   "id": "169ef83b",
   "metadata": {},
   "source": [
    "#### Найдем решение системы встроенным методом"
   ]
  },
  {
   "cell_type": "code",
   "execution_count": 3,
   "id": "bbf5db0f",
   "metadata": {},
   "outputs": [
    {
     "name": "stdout",
     "output_type": "stream",
     "text": [
      "x1 = 2.02020202020202\n",
      "x2 = 4.0\n",
      "x3 = 3.0\n",
      "x4 = -2.212121212121212\n",
      "x5 = 0.9999999999999998\n"
     ]
    }
   ],
   "source": [
    "x_solve1 = np.linalg.solve(A, b)\n",
    "for i in range(len(x_solve1)):\n",
    "    print(\"x\",i+1,' = ', x_solve1[i],sep='')"
   ]
  },
  {
   "cell_type": "markdown",
   "id": "6654c1df",
   "metadata": {},
   "source": [
    "#### Привдем $𝐴𝑥=𝑏$ к виду  $𝑥=𝐵𝑥+𝑐$"
   ]
  },
  {
   "cell_type": "code",
   "execution_count": 4,
   "id": "2ee4858a",
   "metadata": {
    "scrolled": true
   },
   "outputs": [
    {
     "name": "stdout",
     "output_type": "stream",
     "text": [
      "[[ 0.         -0.06734007 -0.         -0.66666667 -0.06734007]\n",
      " [ 0.47142857  0.          0.         -0.47142857  0.04761905]\n",
      " [ 0.34137931 -0.37931034  0.         -0.22758621 -0.03448276]\n",
      " [ 0.5         0.37878788  0.1010101   0.          0.        ]\n",
      " [ 0.58928571  0.01190476 -0.27380952 -0.11785714  0.        ]]\n",
      "\n",
      "[ 0.88215488  1.95714286  3.35862069 -5.04040404  0.32261905]\n"
     ]
    }
   ],
   "source": [
    "B = np.zeros_like(A)\n",
    "c = np.zeros_like(b)\n",
    "\n",
    "for i in range(len(B)):\n",
    "    for j in range(len(B)):\n",
    "        if i != j:\n",
    "            B[i][j] = -A[i][j]/A[i][i]\n",
    "    c[i] = b[i]/A[i][i]\n",
    "print(B)\n",
    "print()\n",
    "print(c)"
   ]
  },
  {
   "cell_type": "markdown",
   "id": "b88b3655",
   "metadata": {},
   "source": [
    "Проверим сходимость"
   ]
  },
  {
   "cell_type": "code",
   "execution_count": 5,
   "id": "cca3e075",
   "metadata": {},
   "outputs": [
    {
     "data": {
      "text/plain": [
       "0.9928571428571429"
      ]
     },
     "execution_count": 5,
     "metadata": {},
     "output_type": "execute_result"
    }
   ],
   "source": [
    "np.linalg.norm(B, np.inf)"
   ]
  },
  {
   "cell_type": "markdown",
   "id": "50ed07f0",
   "metadata": {},
   "source": [
    "Меньше 1, значит метод Зейделя сходится"
   ]
  },
  {
   "cell_type": "markdown",
   "id": "14be050d",
   "metadata": {},
   "source": [
    "### Методо Зейделя"
   ]
  },
  {
   "cell_type": "code",
   "execution_count": 6,
   "id": "637a2dca",
   "metadata": {},
   "outputs": [],
   "source": [
    "def zeidel(B, c, it, x0):\n",
    "    n = len(B)\n",
    "    B1 = np.tri(n)*B\n",
    "    B2 = (np.tri(n).T)*B\n",
    "    for i in range(it):\n",
    "        xk = B@x0 +c\n",
    "        x0 = B1@xk + B2@xk + c\n",
    "    return xk"
   ]
  },
  {
   "cell_type": "code",
   "execution_count": 7,
   "id": "9c66782f",
   "metadata": {},
   "outputs": [
    {
     "name": "stdout",
     "output_type": "stream",
     "text": [
      "Решение при приближении: [0.0, 0.0, 0.0, 0.0, 0.0]\n",
      "x1 = 2.0554503936000508\n",
      "x2 = 4.006128899119399\n",
      "x3 = 3.0209031690980166\n",
      "x4 = -2.2478433086023597\n",
      "x5 = 0.9942856693830833\n",
      "Абсолютная погрешность:  0.03572209648114777\n"
     ]
    }
   ],
   "source": [
    "x0=[0.,0.,0.,0.,0.]\n",
    "x_z = zeidel(B, c, 10, x0=x0)\n",
    "print('Решение при приближении:', x0)\n",
    "for i in range(len(x_z)):\n",
    "    print(\"x\",i+1,' = ', x_z[i],sep='')\n",
    "abs_err = np.linalg.norm(x_z - x_solve1, np.inf)\n",
    "print('Абсолютная погрешность: ', abs_err)"
   ]
  },
  {
   "cell_type": "markdown",
   "id": "a4984161",
   "metadata": {},
   "source": [
    "### Другое приближени"
   ]
  },
  {
   "cell_type": "code",
   "execution_count": 8,
   "id": "2e277a5b",
   "metadata": {},
   "outputs": [
    {
     "name": "stdout",
     "output_type": "stream",
     "text": [
      "Решение при приближении: [3. 3. 3. 3. 3.]\n",
      "x1 = 2.0078195936953502\n",
      "x2 = 3.9595391785567595\n",
      "x3 = 2.9874756441687884\n",
      "x4 = -2.260448952073573\n",
      "x5 = 0.9714301935750191\n",
      "Абсолютная погрешность:  0.04832773995236117\n"
     ]
    }
   ],
   "source": [
    "x0=np.array([0.1,0.1,0.1,0.1,0.1])*30\n",
    "x_z = zeidel(B, c, 10, x0=x0)\n",
    "print('Решение при приближении:', x0)\n",
    "for i in range(len(x_z)):\n",
    "    print(\"x\",i+1,' = ', x_z[i],sep='')\n",
    "abs_err = np.linalg.norm(x_z - x_solve1, np.inf)\n",
    "print('Абсолютная погрешность: ', abs_err)"
   ]
  },
  {
   "cell_type": "code",
   "execution_count": 9,
   "id": "8cbcd30d",
   "metadata": {},
   "outputs": [
    {
     "name": "stdout",
     "output_type": "stream",
     "text": [
      "Решение при приближении: [ 2.02020202  4.          3.         -2.21212121  1.        ]\n",
      "x1 = 2.0202020202020203\n",
      "x2 = 4.0\n",
      "x3 = 3.0000000000000004\n",
      "x4 = -2.2121212121212115\n",
      "x5 = 1.0\n",
      "Абсолютная погрешность:  4.440892098500626e-16\n"
     ]
    }
   ],
   "source": [
    "x0=x_solve1\n",
    "x_z = zeidel(B, c, 10, x0=x0)\n",
    "print('Решение при приближении:', x0)\n",
    "for i in range(len(x_z)):\n",
    "    print(\"x\",i+1,' = ', x_z[i],sep='')\n",
    "abs_err = np.linalg.norm(x_z - x_solve1, np.inf)\n",
    "print('Абсолютная погрешность: ', abs_err)"
   ]
  },
  {
   "cell_type": "markdown",
   "id": "5cee7588",
   "metadata": {},
   "source": [
    "При отдалении начального приближения от истинного корня, погрешность метода Зейделя растет"
   ]
  },
  {
   "cell_type": "markdown",
   "id": "23122cb5",
   "metadata": {},
   "source": [
    "### Задача 5.2"
   ]
  },
  {
   "cell_type": "markdown",
   "id": "ad239ecc",
   "metadata": {},
   "source": [
    "Для системы уравнений Ax=b из задачи 5.1 найти решение по методу Зейделя с точностью\n",
    "$\\epsilon=10^{-6}$ , взяв любое начальное приближение. Для этого модифицировать программу из пункта 3 так, чтобы решение вычислялось с заданной точностью $\\epsilon$. Предусмотреть подсчет количества итераций, потребовавшихся для достижения точности $\\epsilon$."
   ]
  },
  {
   "cell_type": "code",
   "execution_count": 10,
   "id": "ef73d25c",
   "metadata": {},
   "outputs": [],
   "source": [
    "def zeidel_tol(B, c, tol=1e-6, it=100, x0=[0.,0.,0.,0.,0.]):\n",
    "    n = len(B)\n",
    "    B1 = np.tri(n)*B\n",
    "    B2 = (np.tri(n).T)*B\n",
    "    iterations = 0\n",
    "    x0 = np.ones(n)\n",
    "    xk = np.copy(x0)\n",
    "    while True: \n",
    "        iterations+=1\n",
    "        xk = B@x0 +c\n",
    "        x0 = B1@xk + B2@xk + c\n",
    "        if iterations > it:\n",
    "            print(f\"Превышено ограничение на количество итераций ({it})\")\n",
    "            return xk,it\n",
    "        if (np.linalg.norm(x0 - xk, np.inf) < tol):\n",
    "            return xk,iterations\n",
    "    return xk,iterations"
   ]
  },
  {
   "cell_type": "code",
   "execution_count": 11,
   "id": "b8fb2bf1",
   "metadata": {},
   "outputs": [
    {
     "name": "stdout",
     "output_type": "stream",
     "text": [
      "Решение с погрешностью: 1e-06\n",
      "x1 = 2.020202642502103\n",
      "x2 = 4.000000471391669\n",
      "x3 = 3.0000004181619846\n",
      "x4 = -2.2121212656274323\n",
      "x5 = 1.0000001890107093\n",
      "Колво итераций 34\n",
      "\n",
      "Абсолютная погрешность:  6.223000830196668e-07\n"
     ]
    }
   ],
   "source": [
    "tol=1e-6\n",
    "x_z, iters = zeidel_tol(B, c, tol=tol)\n",
    "print('Решение с погрешностью:',tol)\n",
    "for i in range(len(x_z)):\n",
    "    print(\"x\",i+1,' = ', x_z[i],sep='')\n",
    "print('Колво итераций',iters)\n",
    "print()\n",
    "abs_err = np.linalg.norm(x_z - x_solve1, np.inf)\n",
    "print('Абсолютная погрешность: ', abs_err)"
   ]
  },
  {
   "cell_type": "markdown",
   "id": "285d39f6",
   "metadata": {},
   "source": [
    "### Задача 5.7.1"
   ]
  },
  {
   "cell_type": "markdown",
   "id": "0806a180",
   "metadata": {},
   "source": [
    "Дана система уравнений $Ax=b$, где A – симметричная положительно определенная матрица\n",
    "размерности $n х n$. Найти решение системы с точностью $\\epsilon=10^{-6}$ с помощью метода простой итерации с оптимальным выбором итерационного параметра, а также с помощью метода, указанного в индивидуальном варианте. (Для метода релаксации обосновать выбор параметра релаксации w.) Сравнить скорость сходимости методов.\n",
    "\n",
    "УКАЗАНИЕ. \n",
    "\n",
    "При проверке необходимого и достаточного условия сходимости итерационных методов для нахождения собственных значений матриц воспользоваться встроенной функцией eigenvals(M) пакета MATHCAD (либо другой встроенной функцией в wolfram mathematica или в python), возвращающей собственные значения матрицы M."
   ]
  },
  {
   "cell_type": "markdown",
   "id": "84f96c84",
   "metadata": {},
   "source": [
    "$$n = 20$$\n",
    "\n",
    "$$m = 1$$\n",
    "\n",
    "$$Доп. метод - Зейделя$$"
   ]
  },
  {
   "cell_type": "markdown",
   "id": "bc7e5d60",
   "metadata": {},
   "source": [
    "#### Зададим матрицу"
   ]
  },
  {
   "cell_type": "code",
   "execution_count": 12,
   "id": "dfbbfe4e",
   "metadata": {},
   "outputs": [],
   "source": [
    "n = 20\n",
    "m = 1"
   ]
  },
  {
   "cell_type": "code",
   "execution_count": 13,
   "id": "20e8f334",
   "metadata": {
    "scrolled": true
   },
   "outputs": [
    {
     "name": "stdout",
     "output_type": "stream",
     "text": [
      "[[500.27869748  59.12959748  58.98155609  58.8345658   58.68861913\n",
      "   58.54370869  58.39982711  58.25696709  58.11512138  57.97428277\n",
      "   57.83444411  57.69559831  57.55773831  57.42085712  57.28494779\n",
      "   57.15000341  57.01601714  56.88298217  56.75089175  56.61973917]\n",
      " [ 59.12959748 499.98049748  58.83245609  58.6854658   58.53951913\n",
      "   58.39460869  58.25072711  58.10786709  57.96602138  57.82518277\n",
      "   57.68534411  57.54649831  57.40863831  57.27175712  57.13584779\n",
      "   57.00090341  56.86691714  56.73388217  56.60179175  56.47063917]\n",
      " [ 58.98155609  58.83245609 499.6844147   58.53742441  58.39147774\n",
      "   58.2465673   58.10268572  57.9598257   57.81797999  57.67714138\n",
      "   57.53730272  57.39845692  57.26059692  57.12371573  56.9878064\n",
      "   56.85286202  56.71887575  56.58584078  56.45375036  56.32259778]\n",
      " [ 58.8345658   58.6854658   58.53742441 499.39043411  58.24448745\n",
      "   58.099577    57.95569542  57.8128354   57.67098969  57.53015108\n",
      "   57.39031242  57.25146662  57.11360663  56.97672544  56.8408161\n",
      "   56.70587173  56.57188546  56.43885049  56.30676006  56.17560749]\n",
      " [ 58.68861913  58.53951913  58.39147774  58.24448745 499.09854078\n",
      "   57.95363034  57.80974876  57.66688874  57.52504302  57.38420442\n",
      "   57.24436576  57.10551996  56.96765996  56.83077877  56.69486944\n",
      "   56.55992506  56.42593879  56.29290382  56.1608134   56.02966082]\n",
      " [ 58.54370869  58.39460869  58.2465673   58.099577    57.95363034\n",
      "  498.8087199   57.66483832  57.5219783   57.38013258  57.23929397\n",
      "   57.09945532  56.96060951  56.82274952  56.68586833  56.549959\n",
      "   56.41501462  56.28102835  56.14799338  56.01590296  55.88475038]\n",
      " [ 58.39982711  58.25072711  58.10268572  57.95569542  57.80974876\n",
      "   57.66483832 498.52095674  57.37809672  57.236251    57.09541239\n",
      "   56.95557374  56.81672794  56.67886794  56.54198675  56.40607742\n",
      "   56.27113304  56.13714677  56.0041118   55.87202138  55.7408688 ]\n",
      " [ 58.25696709  58.10786709  57.9598257   57.8128354   57.66688874\n",
      "   57.5219783   57.37809672 498.2352367   57.09339098  56.95255237\n",
      "   56.81271372  56.67386791  56.53600792  56.39912673  56.2632174\n",
      "   56.12827302  55.99428675  55.86125178  55.72916136  55.59800878]\n",
      " [ 58.11512138  57.96602138  57.81797999  57.67098969  57.52504302\n",
      "   57.38013258  57.236251    57.09339098 497.95154527  56.81070666\n",
      "   56.670868    56.5320222   56.3941622   56.25728102  56.12137168\n",
      "   55.9864273   55.85244103  55.71940606  55.58731564  55.45616306]\n",
      " [ 57.97428277  57.82518277  57.67714138  57.53015108  57.38420442\n",
      "   57.23929397  57.09541239  56.95255237  56.81070666 497.66986805\n",
      "   56.53002939  56.39118359  56.2533236   56.11644241  55.98053307\n",
      "   55.84558869  55.71160242  55.57856745  55.44647703  55.31532445]\n",
      " [ 57.83444411  57.68534411  57.53730272  57.39031242  57.24436576\n",
      "   57.09945532  56.95557374  56.81271372  56.670868    56.53002939\n",
      "  497.39019074  56.25134494  56.11348494  55.97660375  55.84069442\n",
      "   55.70575004  55.57176377  55.4387288   55.30663838  55.1754858 ]\n",
      " [ 57.69559831  57.54649831  57.39845692  57.25146662  57.10551996\n",
      "   56.96060951  56.81672794  56.67386791  56.5320222   56.39118359\n",
      "   56.25134494 497.11249913  55.97463914  55.83775795  55.70184862\n",
      "   55.56690424  55.43291797  55.299883    55.16779258  55.03664   ]\n",
      " [ 57.55773831  57.40863831  57.26059692  57.11360663  56.96765996\n",
      "   56.82274952  56.67886794  56.53600792  56.3941622   56.2533236\n",
      "   56.11348494  55.97463914 496.83677914  55.69989795  55.56398862\n",
      "   55.42904424  55.29505797  55.162023    55.02993258  54.89878   ]\n",
      " [ 57.42085712  57.27175712  57.12371573  56.97672544  56.83077877\n",
      "   56.68586833  56.54198675  56.39912673  56.25728102  56.11644241\n",
      "   55.97660375  55.83775795  55.69989795 496.56301676  55.42710743\n",
      "   55.29216305  55.15817678  55.02514181  54.89305139  54.76189881]\n",
      " [ 57.28494779  57.13584779  56.9878064   56.8408161   56.69486944\n",
      "   56.549959    56.40607742  56.2632174   56.12137168  55.98053307\n",
      "   55.84069442  55.70184862  55.56398862  55.42710743 496.2911981\n",
      "   55.15625372  55.02226745  54.88923248  54.75714206  54.62598948]\n",
      " [ 57.15000341  57.00090341  56.85286202  56.70587173  56.55992506\n",
      "   56.41501462  56.27113304  56.12827302  55.9864273   55.84558869\n",
      "   55.70575004  55.56690424  55.42904424  55.29216305  55.15625372\n",
      "  496.02130934  54.88732307  54.7542881   54.62219768  54.4910451 ]\n",
      " [ 57.01601714  56.86691714  56.71887575  56.57188546  56.42593879\n",
      "   56.28102835  56.13714677  55.99428675  55.85244103  55.71160242\n",
      "   55.57176377  55.43291797  55.29505797  55.15817678  55.02226745\n",
      "   54.88732307 495.7533368   54.62030183  54.48821141  54.35705883]\n",
      " [ 56.88298217  56.73388217  56.58584078  56.43885049  56.29290382\n",
      "   56.14799338  56.0041118   55.86125178  55.71940606  55.57856745\n",
      "   55.4387288   55.299883    55.162023    55.02514181  54.88923248\n",
      "   54.7542881   54.62030183 495.48726686  54.35517644  54.22402386]\n",
      " [ 56.75089175  56.60179175  56.45375036  56.30676006  56.1608134\n",
      "   56.01590296  55.87202138  55.72916136  55.58731564  55.44647703\n",
      "   55.30663838  55.16779258  55.02993258  54.89305139  54.75714206\n",
      "   54.62219768  54.48821141  54.35517644 495.22308602  54.09193344]\n",
      " [ 56.61973917  56.47063917  56.32259778  56.17560749  56.02966082\n",
      "   55.88475038  55.7408688   55.59800878  55.45616306  55.31532445\n",
      "   55.1754858   55.03664     54.89878     54.76189881  54.62598948\n",
      "   54.4910451   54.35705883  54.22402386  54.09193344 494.96078086]]\n",
      "\n",
      "[21.         20.8509     20.70285861 20.55586831 20.40992165 20.26501121\n",
      " 20.12112963 19.97826961 19.83642389 19.69558528 19.55574663 19.41690082\n",
      " 19.27904083 19.14215964 19.00625031 18.87130593 18.73731966 18.60428469\n",
      " 18.47219427 18.34104169]\n"
     ]
    }
   ],
   "source": [
    "A1 = np.zeros((n, n))\n",
    "b1 = np.zeros(n)\n",
    "\n",
    "q = 0.993 + ((-1)**m)* m * 10**(-4)\n",
    "tetta = sum([q**(2*i) for i in range(1, n+1)])\n",
    "tm = (m + n)\n",
    "for i in range(n):\n",
    "    b1[i] = tm * (q)**i\n",
    "    for j in range(n):\n",
    "        if i==j:\n",
    "            A1[i, j] = tetta + 2*(q**i)*tm + (tm)**2\n",
    "        else:\n",
    "            A1[i, j] = tetta + (q**i + q**j)*tm\n",
    "print(A1)\n",
    "print()\n",
    "print(b1)"
   ]
  },
  {
   "cell_type": "code",
   "execution_count": 14,
   "id": "8db3bc1f",
   "metadata": {
    "scrolled": true
   },
   "outputs": [
    {
     "name": "stdout",
     "output_type": "stream",
     "text": [
      "[[ 0.         -0.11819331 -0.1178974  -0.11760358 -0.11731185 -0.11702219\n",
      "  -0.11673459 -0.11644903 -0.11616549 -0.11588397 -0.11560445 -0.11532691\n",
      "  -0.11505135 -0.11477774 -0.11450607 -0.11423633 -0.11396851 -0.11370259\n",
      "  -0.11343855 -0.11317639]\n",
      " [-0.11826381  0.         -0.1176695  -0.11737551 -0.11708361 -0.11679377\n",
      "  -0.116506   -0.11622027 -0.11593656 -0.11565488 -0.11537519 -0.11509749\n",
      "  -0.11482176 -0.11454798 -0.11427615 -0.11400625 -0.11373827 -0.11347219\n",
      "  -0.113208   -0.11294568]\n",
      " [-0.11803761 -0.11773923  0.         -0.11714879 -0.11685671 -0.11656671\n",
      "  -0.11627876 -0.11599286 -0.11570899 -0.11542714 -0.11514728 -0.11486942\n",
      "  -0.11459352 -0.11431959 -0.1140476  -0.11377754 -0.1135094  -0.11324316\n",
      "  -0.11297881 -0.11271634]\n",
      " [-0.11781276 -0.1175142  -0.11721775  0.         -0.11663116 -0.11634099\n",
      "  -0.11605287 -0.11576681 -0.11548277 -0.11520075 -0.11492073 -0.1146427\n",
      "  -0.11436664 -0.11409254 -0.11382039 -0.11355018 -0.11328188 -0.11301548\n",
      "  -0.11275098 -0.11248835]\n",
      " [-0.11758924 -0.1172905  -0.11699389 -0.11669937  0.         -0.11611661\n",
      "  -0.11582833 -0.11554209 -0.11525789 -0.1149757  -0.11469552 -0.11441733\n",
      "  -0.11414111 -0.11386685 -0.11359454 -0.11332416 -0.11305571 -0.11278916\n",
      "  -0.1125245  -0.11226172]\n",
      " [-0.11736705 -0.11706814 -0.11677135 -0.11647667 -0.11618408  0.\n",
      "  -0.11560511 -0.11531871 -0.11503434 -0.11475199 -0.11447165 -0.11419329\n",
      "  -0.11391691 -0.1136425  -0.11337003 -0.1130995  -0.11283088 -0.11256418\n",
      "  -0.11229937 -0.11203643]\n",
      " [-0.11714618 -0.1168471  -0.11655014 -0.11625528 -0.11596252 -0.11567184\n",
      "   0.         -0.11509666 -0.11481213 -0.11452961 -0.11424911 -0.11397059\n",
      "  -0.11369405 -0.11341948 -0.11314685 -0.11287616 -0.1126074  -0.11234054\n",
      "  -0.11207557 -0.11181249]\n",
      " [-0.11692663 -0.11662737 -0.11633024 -0.11603522 -0.11574229 -0.11545145\n",
      "  -0.11516266  0.         -0.11459123 -0.11430856 -0.11402789 -0.11374922\n",
      "  -0.11347252 -0.11319779 -0.11292501 -0.11265416 -0.11238524 -0.11211823\n",
      "  -0.11185311 -0.11158988]\n",
      " [-0.11670839 -0.11640896 -0.11611166 -0.11581647 -0.11552337 -0.11523236\n",
      "  -0.11494341 -0.11465652  0.         -0.11408882 -0.113808   -0.11352916\n",
      "  -0.11325231 -0.11297742 -0.11270448 -0.11243348 -0.11216441 -0.11189725\n",
      "  -0.11163198 -0.11136859]\n",
      " [-0.11649145 -0.11619185 -0.11589438 -0.11559902 -0.11530576 -0.11501459\n",
      "  -0.11472548 -0.11443842 -0.1141534   0.         -0.11358942 -0.11331042\n",
      "  -0.11303341 -0.11275837 -0.11248528 -0.11221412 -0.1119449  -0.11167758\n",
      "  -0.11141216 -0.11114863]\n",
      " [-0.1162758  -0.11597604 -0.1156784  -0.11538288 -0.11508945 -0.11479811\n",
      "  -0.11450884 -0.11422162 -0.11393644 -0.11365329  0.         -0.11309299\n",
      "  -0.11281583 -0.11254063 -0.11226738 -0.11199608 -0.1117267  -0.11145923\n",
      "  -0.11119367 -0.11092998]\n",
      " [-0.11606145 -0.11576152 -0.11546372 -0.11516803 -0.11487444 -0.11458294\n",
      "  -0.1142935  -0.11400612 -0.11372078 -0.11343747 -0.11315617  0.\n",
      "  -0.11259954 -0.11232419 -0.11205079 -0.11177933 -0.11150981 -0.11124219\n",
      "  -0.11097647 -0.11071265]\n",
      " [-0.11584838 -0.11554829 -0.11525032 -0.11495447 -0.11466071 -0.11436905\n",
      "  -0.11407945 -0.11379191 -0.11350642 -0.11322295 -0.11294149 -0.11266203\n",
      "   0.         -0.11210905 -0.1118355  -0.11156389 -0.11129421 -0.11102645\n",
      "  -0.11076059 -0.11049661]\n",
      " [-0.1156366  -0.11533633 -0.1150382  -0.11474218 -0.11444827 -0.11415644\n",
      "  -0.11386669 -0.11357899 -0.11329334 -0.11300971 -0.1127281  -0.11244848\n",
      "  -0.11217085  0.         -0.1116215  -0.11134974 -0.11107991 -0.110812\n",
      "  -0.11054599 -0.11028187]\n",
      " [-0.11542608 -0.11512565 -0.11482736 -0.11453118 -0.1142371  -0.11394512\n",
      "  -0.1136552  -0.11336735 -0.11308154 -0.11279776 -0.11251599 -0.11223622\n",
      "  -0.11195844 -0.11168263  0.         -0.11113688 -0.1108669  -0.11059884\n",
      "  -0.11033269 -0.11006842]\n",
      " [-0.11521683 -0.11491624 -0.11461778 -0.11432144 -0.11402721 -0.11373506\n",
      "  -0.11344499 -0.11315698 -0.11287101 -0.11258708 -0.11230516 -0.11202524\n",
      "  -0.1117473  -0.11147135 -0.11119735  0.         -0.11065517 -0.11038697\n",
      "  -0.11012067 -0.10985626]\n",
      " [-0.11500884 -0.11470809 -0.11440947 -0.11411297 -0.11381858 -0.11352627\n",
      "  -0.11323604 -0.11294788 -0.11266176 -0.11237767 -0.11209559 -0.11181552\n",
      "  -0.11153744 -0.11126133 -0.11098719 -0.11071498  0.         -0.11017637\n",
      "  -0.10990992 -0.10964537]\n",
      " [-0.11480211 -0.11450119 -0.11420241 -0.11390575 -0.1136112  -0.11331874\n",
      "  -0.11302836 -0.11274003 -0.11245376 -0.11216952 -0.11188729 -0.11160707\n",
      "  -0.11132884 -0.11105258 -0.11077829 -0.11050594 -0.11023553  0.\n",
      "  -0.10970045 -0.10943576]\n",
      " [-0.11459662 -0.11429554 -0.1139966  -0.11369979 -0.11340508 -0.11311246\n",
      "  -0.11282192 -0.11253345 -0.11224702 -0.11196263 -0.11168025 -0.11139988\n",
      "  -0.1111215  -0.1108451  -0.11057066 -0.11029817 -0.11002761 -0.10975897\n",
      "   0.         -0.10922741]\n",
      " [-0.11439237 -0.11409114 -0.11379204 -0.11349507 -0.1132002  -0.11290743\n",
      "  -0.11261674 -0.11232811 -0.11204153 -0.11175698 -0.11147446 -0.11119394\n",
      "  -0.11091541 -0.11063886 -0.11036428 -0.11009164 -0.10982094 -0.10955216\n",
      "  -0.10928529  0.        ]]\n",
      "\n",
      "[0.0419766  0.04170343 0.04143187 0.04116192 0.04089357 0.04062682\n",
      " 0.04036165 0.04009807 0.03983605 0.0395756  0.03931671 0.03905937\n",
      " 0.03880357 0.03854931 0.03829657 0.03804535 0.03779565 0.03754745\n",
      " 0.03730075 0.03705555]\n"
     ]
    }
   ],
   "source": [
    "B1 = np.zeros_like(A1)\n",
    "c1 = np.zeros_like(b1)\n",
    "\n",
    "for i in range(len(B1)):\n",
    "    for j in range(len(B1)):\n",
    "        if i != j:\n",
    "            B1[i][j] = -A1[i][j]/A1[i][i]\n",
    "    c1[i] = b1[i]/A1[i][i]\n",
    "print(B1)\n",
    "print()\n",
    "print(c1)"
   ]
  },
  {
   "cell_type": "code",
   "execution_count": 15,
   "id": "85d61dea",
   "metadata": {},
   "outputs": [
    {
     "data": {
      "text/plain": [
       "array([0.01478947, 0.01453576, 0.01428385, 0.01403372, 0.01378537,\n",
       "       0.01353879, 0.01329395, 0.01305086, 0.01280949, 0.01256983,\n",
       "       0.01233187, 0.01209561, 0.01186102, 0.0116281 , 0.01139683,\n",
       "       0.0111672 , 0.01093921, 0.01071283, 0.01048806, 0.01026488])"
      ]
     },
     "execution_count": 15,
     "metadata": {},
     "output_type": "execute_result"
    }
   ],
   "source": [
    "x_solve2 = np.linalg.solve(A1, b1)\n",
    "x_solve2"
   ]
  },
  {
   "cell_type": "code",
   "execution_count": 16,
   "id": "b69247a3",
   "metadata": {},
   "outputs": [
    {
     "data": {
      "text/plain": [
       "2.197050304894725"
      ]
     },
     "execution_count": 16,
     "metadata": {},
     "output_type": "execute_result"
    }
   ],
   "source": [
    "np.linalg.norm(B1, np.inf)"
   ]
  },
  {
   "cell_type": "markdown",
   "id": "d2be9613",
   "metadata": {},
   "source": [
    "Для этой матрицы метод расходится"
   ]
  },
  {
   "cell_type": "code",
   "execution_count": 17,
   "id": "56d2a45c",
   "metadata": {},
   "outputs": [],
   "source": [
    "def iters_method(B, c, tol):\n",
    "    n = len(B) #размерность\n",
    "    print(n)\n",
    "    xk = np.ones(n)\n",
    "    xk1 = np.copy(xk)\n",
    "    iters = 0\n",
    "    while True: \n",
    "        xk1 = B@xk +c\n",
    "        iters += 1\n",
    "        if iters > 1000:\n",
    "            print(f\"Превышено ограничение на количество итераций ({iters})\")\n",
    "            return xk,iters\n",
    "        if (np.linalg.norm(xk - xk1, np.inf) < tol):\n",
    "            return xk,iters\n",
    "        xk = xk1\n",
    "    return xk, iters"
   ]
  },
  {
   "cell_type": "code",
   "execution_count": 18,
   "id": "3d7042a8",
   "metadata": {},
   "outputs": [],
   "source": [
    "B_test = B\n",
    "c_test = c\n",
    "x_solve = x_solve1"
   ]
  },
  {
   "cell_type": "code",
   "execution_count": 19,
   "id": "85eb9922",
   "metadata": {},
   "outputs": [
    {
     "name": "stdout",
     "output_type": "stream",
     "text": [
      "5\n",
      "Решение с погрешностью: 1e-06\n",
      "x1 = 2.0202022006151656\n",
      "x2 = 3.999999607360686\n",
      "x3 = 3.00000004964077\n",
      "x4 = -2.2121220687702934\n",
      "x5 = 0.9999996323089921\n",
      "Колво итераций 67\n",
      "\n",
      "Абсолютная погрешность:  8.566490814487793e-07\n"
     ]
    }
   ],
   "source": [
    "tol=1e-6\n",
    "x_z, iters = iters_method(B_test, c_test, tol=tol)\n",
    "print('Решение с погрешностью:',tol)\n",
    "for i in range(len(x_z)):\n",
    "    print(\"x\",i+1,' = ', x_z[i],sep='')\n",
    "print('Колво итераций',iters)\n",
    "print()\n",
    "abs_err = np.linalg.norm(x_z - x_solve, np.inf)\n",
    "print('Абсолютная погрешность: ', abs_err)"
   ]
  },
  {
   "cell_type": "markdown",
   "id": "a864b2ae",
   "metadata": {},
   "source": [
    "Для примера работы была взята матрица из предыдущего задания."
   ]
  },
  {
   "cell_type": "code",
   "execution_count": 20,
   "id": "730c1357",
   "metadata": {},
   "outputs": [
    {
     "name": "stdout",
     "output_type": "stream",
     "text": [
      "Решение с погрешностью: 1e-06\n",
      "x1 = 2.020202642502103\n",
      "x2 = 4.000000471391669\n",
      "x3 = 3.0000004181619846\n",
      "x4 = -2.2121212656274323\n",
      "x5 = 1.0000001890107093\n",
      "Колво итераций 34\n",
      "\n",
      "Абсолютная погрешность:  6.223000830196668e-07\n"
     ]
    }
   ],
   "source": [
    "tol=1e-6\n",
    "x_z, iters = zeidel_tol(B_test, c_test, tol=tol,it=200)\n",
    "print('Решение с погрешностью:',tol)\n",
    "for i in range(len(x_z)):\n",
    "    print(\"x\",i+1,' = ', x_z[i],sep='')\n",
    "print('Колво итераций',iters)\n",
    "print()\n",
    "abs_err = np.linalg.norm(x_z - x_solve, np.inf)\n",
    "print('Абсолютная погрешность: ', abs_err)"
   ]
  },
  {
   "cell_type": "markdown",
   "id": "e756262a",
   "metadata": {},
   "source": [
    "Видно, что метод Зейделя сходится быстрее"
   ]
  },
  {
   "cell_type": "code",
   "execution_count": null,
   "id": "5de78a75",
   "metadata": {},
   "outputs": [],
   "source": []
  }
 ],
 "metadata": {
  "kernelspec": {
   "display_name": "Python 3 (ipykernel)",
   "language": "python",
   "name": "python3"
  },
  "language_info": {
   "codemirror_mode": {
    "name": "ipython",
    "version": 3
   },
   "file_extension": ".py",
   "mimetype": "text/x-python",
   "name": "python",
   "nbconvert_exporter": "python",
   "pygments_lexer": "ipython3",
   "version": "3.8.5"
  }
 },
 "nbformat": 4,
 "nbformat_minor": 5
}
